12 12 81
1 1 100
1 2 -1
1 3 -1
1 4 -1
1 5 -1
1 7 -1
1 8 -1
1 9 1
1 10 -1
2 2 100
2 3 1
2 4 -1
2 5 -1
2 6 -1
2 11 -1
2 12 -1
3 3 100
3 4 1
3 6 1
3 7 -1
3 10 1
4 2 -1
4 3 1
4 4 100
4 5 1
4 6 1
4 7 -1
4 11 1
5 2 -1
5 4 -1
5 5 100
5 6 1
5 10 1
5 12 1
6 1 -1
6 2 -1
6 4 -1
6 5 1
6 6 100
6 7 1
6 8 1
6 12 1
7 3 -1
7 4 -1
7 5 -1
7 6 -1
7 7 100
7 8 -1
7 9 1
7 11 -1
8 4 1
8 5 1
8 6 1
8 7 -1
8 8 100
8 10 -1
8 11 -1
8 12 -1
9 4 -1
9 6 1
9 9 100
9 10 -1
10 1 1
10 2 -1
10 3 1
10 5 -1
10 7 1
10 8 -1
10 10 100
10 11 -1
11 1 1
11 3 -1
11 6 -1
11 10 -1
11 11 100
12 2 1
12 3 -1
12 6 -1
12 9 1
12 11 -1
12 12 100
